6 914
3 539
7 1066
5 813
9 1315
6 969
5 797
3 542
5 795
5 801
3 508
10 1443
5 782
4 644
5 784
6 937
7 1083
6 905
8 1192
10 1409
13 1847
9 1288
3 518
5 760
8 1173
4 655
8 1211
9 1279
5 799
5 773
5 779
9 1332
10 1412
5 761
4 664
3 503
5 806
2 392
4 641
7 1110
4 684
2 424
9 1314
6 924
7 1025
6 908
1 262
6 922
6 903
3 518
3 521
3 531
7 1107
9 1281
11 1569
9 1289
5 776
8 1172
3 518
6 892
7 1052
6 932
4 698
5 773
5 770
7 1054
2 398
6 902
3 526
3 522
7 1053
6 892
6 903
4 657
6 924
7 1127
4 664
9 1321
3 559
5 761
5 786
10 1453
2 376
7 1034
5 776
5 816
7 1016
7 1066
7 1043
5 818
9 1299
5 792
3 537
6 911
6 901
8 1145
9 1302
4 639
4 652
6 952
