14 1979
12 1731
14 1971
11 1587
17 2265
11 1618
12 1669
7 1090
12 1687
17 2355
7 1057
10 1430
9 1347
12 1733
10 1438
12 1692
10 1486
15 2086
7 1075
10 1464
15 2094
8 1171
11 1559
12 1693
9 1302
2 441
4 675
9 1320
10 1448
7 1045
8 1189
12 1688
18 2484
12 1701
7 1072
6 903
16 2211
8 1193
8 1183
18 2500
5 791
7 1058
6 926
10 1437
11 1602
9 1307
6 915
9 1283
13 1812
4 687
4 723
5 784
3 529
8 1207
10 1457
6 918
9 1318
8 1183
2 410
7 1038
9 1360
12 1689
5 815
8 1185
13 1840
8 1186
14 1934
4 698
12 1755
9 1317
4 671
13 1820
13 1839
4 688
19 2542
15 2156
9 1322
8 1179
8 1188
5 799
15 2112
8 1213
2 395
10 1420
13 1857
4 667
15 2096
6 910
12 1730
9 1299
8 1189
14 2031
19 2618
10 1435
7 1088
8 1157
13 1829
6 946
6 953
16 2219
