24 4100
6 1281
8 1349
8 1289
9 1677
3 575
7 1269
6 1009
10 1615
6 1056
9 1559
33 5360
13 2243
7 1173
10 1646
11 1970
8 1525
17 3255
8 1536
23 3799
2 384
10 1681
1 249
6 1039
12 1974
4 724
7 1165
13 2308
11 1797
18 2922
11 1825
5 855
11 1842
7 1245
12 2154
7 1244
11 1978
11 1937
22 3585
8 1352
7 1202
7 1133
11 2001
4 726
13 2154
25 4026
11 1830
20 3307
7 1371
5 985
15 2756
9 1671
6 1197
3 615
7 1249
7 1193
24 4020
8 1446
21 3520
11 1860
8 1369
14 2282
11 1900
17 2749
17 3331
16 2773
13 2211
13 2368
12 2033
11 1803
9 1526
15 2454
8 1413
10 1637
15 2460
19 3067
17 2733
9 1585
9 1587
16 2758
13 2429
13 2381
23 3834
11 1856
22 3532
7 1229
7 1289
9 1507
10 1769
12 2002
9 1532
6 1016
9 1472
11 2134
13 2478
23 3886
9 1580
6 1073
8 1421
10 1715
