9 1578
5 972
11 1987
9 1532
5 865
11 1835
9 1675
11 1929
8 1360
8 1352
9 1501
7 1210
9 1496
11 1885
9 1485
7 1183
10 1661
16 2869
15 2688
18 3208
27 4303
18 2881
14 2430
9 1468
5 881
4 717
3 581
13 2080
5 851
6 1078
8 1468
12 1963
10 1916
10 1913
14 2462
14 2649
3 580
13 2154
3 583
14 2315
5 912
10 1686
12 2062
9 1500
11 1827
11 1815
8 1411
5 900
5 909
10 1706
6 1025
8 1410
11 1982
4 756
5 980
5 952
12 2166
11 2071
8 1421
10 1660
6 1019
12 1956
7 1173
21 3405
6 1077
5 868
13 2153
8 1333
12 1970
11 1783
6 1070
8 1359
3 574
9 1634
7 1234
9 1633
12 2160
12 2144
11 1844
14 2312
11 1794
6 1065
7 1249
16 2714
5 895
9 1597
15 2453
6 1079
12 1997
10 1880
14 2463
21 3540
17 2854
6 1044
9 1650
12 2004
18 2958
8 1360
9 1534
18 2977
