9 1514
9 1562
9 1521
10 1726
2 405
7 1227
3 563
4 720
5 884
11 1953
10 1698
10 1863
9 1789
5 984
16 2895
10 2075
4 811
11 1947
3 568
11 1848
26 4136
12 2052
13 2169
4 701
6 1014
6 1067
1 233
10 1644
13 2202
5 871
6 1101
16 2865
6 1102
7 1246
8 1498
8 1580
9 1806
8 1400
7 1203
8 1403
7 1219
5 883
6 1079
8 1409
7 1271
10 1705
10 1649
13 2277
12 2003
8 1317
8 1439
6 1261
9 1959
11 2098
8 1577
5 1057
7 1437
8 1559
7 1344
4 791
14 2346
11 1884
15 2523
12 2067
7 1252
8 1388
13 2148
3 553
6 1031
14 2311
13 2379
8 1646
8 1407
6 1142
11 1965
11 1999
5 957
6 1148
10 1672
6 1072
7 1251
9 1514
3 568
11 1883
14 2362
7 1205
6 1002
14 2325
14 2335
8 1343
10 2038
12 2332
14 2615
9 1779
9 1618
7 1230
12 2086
5 910
10 1644
4 708
