15 13171
4 785
9 1756
14 2508
4 779
10 1819
10 1834
11 1980
6 1137
9 1785
9 1667
21 3752
15 2678
9 1521
9 1548
8 1268
13 2033
3 553
8 1264
9 1451
1 249
5 854
8 1387
10 1592
5 836
9 1451
2 390
10 1631
11 1813
10 1578
11 2027
3 582
10 1665
5 863
8 1269
9 1472
7 1144
4 688
13 2216
5 874
9 1548
14 2212
6 1015
10 1609
6 995
15 2445
8 1384
12 1966
5 902
10 1769
6 1007
14 2261
8 1439
7 1235
8 1293
10 1644
16 2492
6 1035
8 1287
10 1695
9 1461
10 1625
12 1895
6 997
11 1783
14 2214
4 768
12 2026
9 1457
8 1300
7 1169
5 852
9 1458
12 2033
8 1277
7 1141
6 992
13 2044
5 851
5 814
3 528
8 1305
13 2101
3 537
8 1314
14 2233
17 2620
6 997
6 1030
16 2642
3 572
5 866
11 1814
18 2773
8 1291
13 2169
6 973
8 1284
5 863
9 1443
