8 1331
2 379
7 1214
4 747
6 1056
12 1997
10 1807
3 563
7 1200
4 722
3 563
4 722
11 1810
4 711
8 1389
6 1130
6 1117
8 1672
5 984
8 1531
1 277
6 1115
4 791
7 1307
4 731
8 1325
9 1576
6 1114
6 1068
9 1558
7 1155
7 1146
8 1346
3 549
12 2014
8 1543
6 1021
6 1055
4 736
7 1196
6 1068
4 795
6 1151
7 1302
7 1396
5 963
8 1439
7 1231
6 1133
4 824
11 1850
5 915
8 1383
5 937
4 756
5 957
6 1084
5 869
3 601
10 1691
8 1379
7 1235
9 1574
6 1087
6 1022
3 569
5 881
8 1374
4 805
11 2180
5 1008
8 1516
7 1247
6 1101
8 1512
6 1119
6 1042
8 1398
11 1797
10 1840
4 762
6 1047
9 1564
6 1032
5 860
6 1036
5 856
9 1585
10 1789
5 930
4 707
6 1119
7 1205
5 896
7 1196
4 829
5 961
5 979
8 1406
4 793
