12 1993
6 1050
9 1504
5 863
5 908
2 398
20 3848
6 1185
4 833
3 694
14 2649
4 791
4 714
13 2287
3 610
13 2265
3 632
3 562
6 1048
16 2631
13 2294
9 1569
13 2222
16 2772
3 561
10 1734
5 928
4 862
13 2430
4 821
13 2513
12 2087
3 590
13 2322
12 2241
5 968
13 2312
4 740
10 1727
10 1675
17 2895
2 411
10 1686
9 1542
11 2054
8 1615
8 1442
9 1807
4 844
9 1829
10 1741
3 574
4 738
8 1370
4 722
5 963
7 1337
6 1104
4 785
6 1028
7 1186
7 1263
9 1553
10 1726
6 1114
8 1367
8 1369
6 1050
5 890
6 1183
6 1296
2 435
4 807
2 449
8 1523
8 1613
11 2068
12 2137
8 1364
7 1222
1 238
13 2218
5 1004
16 2846
14 2388
5 917
15 2495
8 1474
7 1192
9 1533
13 2563
7 1407
17 3110
4 904
7 1405
7 1335
18 2988
8 1393
1 231
8 1401
