9 1233
11 1507
11 1470
6 844
7 995
4 576
6 820
9 1241
26 3555
9 1209
11 1485
7 1002
9 1242
2 315
5 693
19 2455
7 926
13 1754
14 1855
10 1357
10 1355
10 1382
21 2810
12 1682
9 1220
27 3565
7 1001
7 978
5 697
20 2688
13 1771
9 1223
6 866
33 4147
4 557
8 1081
6 893
15 2006
13 1750
8 1116
5 719
8 1106
3 447
5 712
1 186
6 842
12 1637
6 858
25 3245
6 829
13 1758
4 591
9 1221
7 951
2 319
7 1075
14 1853
9 1228
5 670
23 2920
8 1100
22 2963
9 1205
15 2032
6 857
7 962
7 977
2 305
1 196
18 2402
5 713
6 888
11 1503
13 1751
10 1311
12 1646
6 850
11 1480
6 828
17 2372
11 1454
12 1613
13 1676
9 1231
9 1245
11 1478
5 733
5 710
5 703
7 939
14 1886
10 1335
10 1348
6 829
10 1364
8 1141
6 829
18 2376
7 959
19 2541
