6 11461
7 1229
11 1798
8 1375
3 568
9 1500
9 1745
6 1081
13 2107
1 255
4 687
6 1006
2 426
8 1350
8 1338
9 1568
10 1641
8 1340
1 250
9 1468
10 1728
7 1172
3 546
6 1030
5 899
4 686
5 869
5 915
5 864
8 1335
10 1721
4 722
4 715
2 405
4 738
6 1029
7 1201
13 2098
5 860
3 537
4 729
5 855
2 376
4 708
7 1210
6 1081
9 1556
10 1692
3 551
4 709
7 1208
7 1169
6 1022
12 1980
5 880
6 1026
4 755
3 546
5 868
13 2175
6 1051
8 1334
7 1205
11 1784
10 1694
6 1020
6 1020
7 1193
12 1910
7 1209
14 2347
6 1067
10 1727
10 1668
10 1628
2 400
8 1363
4 716
8 1329
6 1013
7 1195
2 394
9 1482
7 1225
4 745
3 572
8 1381
1 265
10 1646
4 730
3 547
4 710
4 760
4 720
6 1043
5 855
12 1929
4 700
11 1748
1 252
